[gd_scene load_steps=12 format=2]

[ext_resource path="res://gui/gui.tscn" type="PackedScene" id=1]
[ext_resource path="res://assets/VCR.ttf" type="DynamicFontData" id=2]
[ext_resource path="res://scenes/fpsCounter.gd" type="Script" id=3]
[ext_resource path="res://scenes/DaD.gd" type="Script" id=4]
[ext_resource path="res://assets/BGMusicL0.mp3" type="AudioStream" id=5]
[ext_resource path="res://assets/grid/texture_01.png" type="Texture" id=6]
[ext_resource path="res://assets/materuials/grid.tres" type="Material" id=7]

[sub_resource type="SpatialMaterial" id=4]
albedo_texture = ExtResource( 6 )

[sub_resource type="DynamicFont" id=2]
size = 412
outline_size = 11
outline_color = Color( 0, 0, 0, 1 )
font_data = ExtResource( 2 )

[sub_resource type="Environment" id=1]
background_energy = 0.39
ambient_light_color = Color( 0.270588, 0.258824, 0.258824, 1 )
ambient_light_energy = 0.49

[sub_resource type="Environment" id=3]
background_mode = 1
background_color = Color( 0.670588, 0.603922, 0.603922, 1 )
background_energy = 12.4

[node name="Spatial" type="Spatial"]

[node name="env" type="Spatial" parent="."]

[node name="CSGBox" type="CSGBox" parent="env"]
use_collision = true
width = 29.7181
height = 0.324869
depth = 18.4865
material = SubResource( 4 )

[node name="CSGBox5" type="CSGBox" parent="env"]
transform = Transform( 1, 0, 0, 0, 1, 0, 0, 0, 1, 0, 13.9429, 0 )
use_collision = true
width = 29.7181
height = 0.491139
depth = 18.4865
material = ExtResource( 7 )

[node name="backwall" type="CSGBox" parent="env"]
transform = Transform( 1, 0, 0, 0, 1, 0, 0, 0, 1, 0, 6.96227, -9.13067 )
use_collision = true
width = 29.7181
height = 14.2517
depth = 1.04526
material = ExtResource( 7 )

[node name="fps" type="Label3D" parent="env/backwall"]
transform = Transform( 1, 0, 0, 0, 1, 0, 0, 0, 1, -8.14033, 3.65516, 0.640557 )
shaded = true
modulate = Color( 0.0196078, 0.654902, 0, 1 )
text = "60"
font = SubResource( 2 )
script = ExtResource( 3 )

[node name="CSGBox3" type="CSGBox" parent="env"]
transform = Transform( 1, 0, 0, 0, 1, 0, 0, 0, 1, -14.1169, 6.96227, -2.09146 )
use_collision = true
width = 1.1777
height = 14.2517
depth = 22.5589
material = ExtResource( 7 )

[node name="CSGBox4" type="CSGBox" parent="env"]
transform = Transform( 1, 0, 0, 0, 1, 0, 0, 0, 1, 14.4102, 7.07878, -2.1481 )
use_collision = true
width = 1.1777
height = 14.2517
depth = 22.5589
material = ExtResource( 7 )

[node name="SpotLight2" type="SpotLight" parent="env"]
transform = Transform( 0.984826, 0, -0.173545, 0, 1, 0, 0.173545, 0, 0.984826, -0.997343, 4.90498, 10.9486 )
shadow_enabled = true
spot_range = 28.4386
spot_angle = 49.2756

[node name="SpotLight5" type="SpotLight" parent="env"]
transform = Transform( 0.984826, 0, -0.173545, 0, 1, 0, 0.173545, 0, 0.984826, -8.3026, 10.5059, 7.02686 )
shadow_enabled = true
spot_range = 28.4386
spot_angle = 49.2756

[node name="SpotLight3" type="SpotLight" parent="env"]
transform = Transform( 0.984826, 0.173545, 7.5859e-09, 0, -4.37114e-08, 1, 0.173545, -0.984826, -4.30481e-08, -6.66951, 11.0321, 2.08277 )
shadow_enabled = true
spot_range = 28.4386
spot_angle = 49.2756

[node name="SpotLight4" type="SpotLight" parent="env"]
transform = Transform( 0.984826, 0.173545, 7.5859e-09, 0, -4.37114e-08, 1, 0.173545, -0.984826, -4.30481e-08, 7.82764, 11.0321, 2.08277 )
shadow_enabled = true
spot_range = 28.4386
spot_angle = 49.2756

[node name="pCam" type="Camera" parent="."]
transform = Transform( 1, 0, 0, 0, 1, 0, 0, 0, 1, 0, 6.29941, 27.1758 )
environment = SubResource( 1 )
fov = 33.9
far = 110.0
script = ExtResource( 4 )

[node name="pCam2" type="Camera" parent="."]
transform = Transform( 0.93089, -0.0132203, 0.36506, 0, 0.999345, 0.0361902, -0.365299, -0.0336891, 0.93028, 11.8442, 6.29941, 27.1758 )
environment = SubResource( 1 )
fov = 70.1
far = 110.0
script = ExtResource( 4 )

[node name="gui" parent="." instance=ExtResource( 1 )]

[node name="spawnPoint" type="Spatial" parent="."]
transform = Transform( 1, 0, 0, 0, 1, 0, 0, 0, 1, 0, 6.8048, 0 )

[node name="spawnedStuff" type="Spatial" parent="."]

[node name="musicStream" type="AudioStreamPlayer" parent="."]
stream = ExtResource( 5 )
bus = "Musicreverb"

[node name="WorldEnvironment" type="WorldEnvironment" parent="."]
environment = SubResource( 3 )
